0.171 1
0.407 2
0.409 3
0.413 4
0.416 5
0.418 6
0.419 7
0.420 8
0.421 9
0.425 10
0.427 11
0.429 12
0.437 13
0.438 14
0.438 15
0.440 16
0.447 17
0.448 18
0.451 19
0.451 20
0.455 21
0.457 22
0.468 23
0.469 24
0.473 25
0.481 26
0.485 27
0.491 28
0.494 29
0.495 30
0.495 31
0.504 32
0.508 33
0.508 34
0.522 35
0.523 36
0.525 37
0.527 38
0.528 39
0.529 40
0.553 41
0.560 42
0.562 43
0.570 44
0.590 45
0.594 46
0.596 47
0.596 48
0.599 49
0.599 50
0.605 51
0.608 52
0.609 53
0.625 54
0.626 55
0.634 56
0.635 57
0.679 58
0.694 59
0.700 60
0.706 61
0.721 62
0.733 63
0.746 64
0.753 65
0.757 66
0.766 67
0.780 68
0.801 69
0.806 70
0.807 71
0.812 72
0.816 73
0.828 74
0.837 75
0.877 76
0.877 77
0.882 78
0.923 79
0.923 80
0.928 81
0.947 82
0.950 83
0.954 84
0.960 85
0.963 86
0.968 87
0.969 88
0.977 89
0.981 90
0.985 91
0.989 92
0.993 93
1.003 94
1.024 95
1.028 96
1.043 97
1.049 98
1.050 99
1.052 100
1.055 101
1.062 102
1.071 103
1.127 104
1.131 105
1.137 106
1.140 107
1.143 108
1.147 109
1.150 110
1.171 111
1.175 112
1.179 113
1.208 114
1.223 115
1.227 116
1.235 117
1.238 118
1.264 119
1.281 120
1.367 121
1.391 122
1.392 123
1.444 124
1.509 125
1.512 126
1.525 127
1.535 128
1.553 129
1.563 130
1.575 131
1.575 132
1.633 133
1.685 134
1.713 135
1.738 136
1.773 137
1.801 138
1.802 139
2.032 140
2.037 141
2.046 142
2.059 143
2.115 144
2.137 145
2.156 146
2.222 147
2.320 148
2.320 149
2.345 150
2.355 151
2.366 152
2.439 153
2.440 154
2.447 155
2.450 156
2.454 157
2.466 158
2.483 159
2.517 160
2.654 161
2.685 162
2.734 163
2.742 164
2.753 165
2.770 166
2.859 167
2.873 168
2.887 169
2.893 170
3.023 171
3.100 172
3.208 173
3.322 174
3.329 175
3.744 176
4.131 177
4.418 178
4.450 179
4.590 180
4.622 181
4.676 182
4.680 183
4.756 184
5.108 185
5.174 186
5.178 187
5.180 188
5.343 189
5.515 190
5.622 191
5.751 192
5.757 193
5.796 194
5.866 195
6.062 196
6.109 197
6.135 198
6.208 199
6.768 200
7.144 201
7.515 202
7.540 203
7.647 204
7.708 205
7.779 206
7.880 207
8.063 208
9.297 209
9.621 210
10.006 211
10.239 212
10.593 213
10.786 214
11.046 215
11.514 216
11.578 217
12.204 218
12.299 219
12.547 220
12.931 221
13.453 222
14.224 223
16.409 224
16.642 225
16.912 226
17.249 227
17.600 228
18.465 229
18.976 230
21.878 231
22.416 232
23.084 233
23.756 234
24.396 235
24.809 236
27.961 237
28.575 238
30.245 239
31.197 240
32.195 241
34.213 242
34.757 243
36.695 244
37.749 245
39.779 246
44.367 247
46.830 248
48.559 249
48.639 250
50.851 251
52.069 252
53.457 253
53.864 254
58.958 255
62.566 256
77.477 257
81.054 258
82.829 259
93.152 260
93.241 261
96.033 262
97.167 263
98.464 264
103.514 265
107.027 266
111.612 267
111.716 268
123.495 269
136.059 270
136.140 271
136.221 272
142.047 273
142.447 274
159.068 275
169.327 276
178.782 277
179.952 278
231.550 279
244.040 280
251.157 281
265.665 282
282.152 283
288.681 284
296.377 285
321.917 286
328.613 287
331.116 288
338.806 289
368.054 290
399.631 291
409.936 292
411.742 293
429.053 294
435.085 295
449.916 296
473.825 297
545.563 298
761.700 299
766.378 300
796.645 301
886.754 302
887.284 303
973.604 304
1035.708 305
1075.000 306
1118.613 307
1273.750 308
1312.996 309
1337.361 310
1353.942 311
1379.388 312
1543.615 313
1595.020 314
1646.550 315
1742.148 316
2181.682 317
2243.313 318
2396.739 319
3206.753 320
3693.055 321
3794.867 322
3875.506 323
3908.944 324
4895.731 325
5209.336 326
5719.301 327
6947.702 328
7084.007 329
7288.880 330
7813.906 331
8541.636 332
8556.896 333
9234.933 334
9239.929 335
10318.013 336
11482.622 337
16601.405 338
17910.213 339
19166.584 340
19436.217 341
20301.392 342
23003.506 343
29220.603 344
29947.251 345
36791.125 346
49888.556 347
53433.336 348
86814.464 349
91532.638 350
92771.946 351
137837.384 352
146043.408 353
173123.833 354
182875.088 355
203074.948 356
274495.159 357
358696.463 358
376781.708 359
516777.376 360
1000000.385 361
1007155.411 362
1016726.850 363
1020064.769 364
1026865.469 365
